0.381903     
0.610698     
0.641161     
0.611622     
0.635195     
0.0703129     
0.532517     
0.701782     
0.418402     
0.94191     
0.510085     
0.539312     
0.799291     
0.869777     
0.056623     
0.389398     
0.349559     
0.794903     
0.401061     
0.647577     
0.804866     
0.866649     
0.0714728     
0.946465     
0.846774     
0.333034     
0.429074     
0.461385     
0.00484267     
0.9428     
0.914607     
0.386746     
0.553498     
0.555769     
0.998368     
0.188694     
0.626082     
0.530885     
0.890476     
0.0444839     
0.472795     
0.40056     
0.583796     
0.272086     
0.270337     
0.640419     
0.661484     
0.619896     
0.435322     
0.0625457     
0.267473     
0.240188     
0.929195     
0.338946     
0.186653     
0.775968     
0.67198     
0.615727     
0.237353     
0.676823     
0.558527     
0.151961     
0.0635686     
0.112026     
0.707729     
0.0619366     
0.300719     
0.333811     
0.592822     
0.191195     
0.378295     
0.0656166     
0.591755     
0.962091     
0.337703     
0.862092     
0.602509     
0.999187     
0.481988     
0.037831     
0.061733     
0.749461     
0.278019     
0.990928     
0.0884075     
0.464672     
0.766896     
0.760388     
0.0803993     
0.00424902     
0.43721     
0.638926     
0.15621     
0.500779     
0.750952     
0.863939     
0.562716     
0.0516714     
0.19775     
0.155537     
0.242866     
0.576044     
0.221154     
0.834622     
0.538135     
0.558856     
0.696714     
0.140644     
0.558044     
0.178702     
0.178475     
0.619777     
0.928164     
0.456494     
0.610704     
0.0165711     
0.921167     
0.3776     
0.776959     
0.00156603     
0.381849     
0.214169     
0.640492     
0.538059     
0.714948     
0.391445     
0.401997     
0.277663     
0.443116     
0.599747     
0.4332     
0.685983     
0.175791     
0.654354     
0.520604     
0.713926     
0.213211     
0.217318     
0.854571     
0.771254     
0.39602     
0.033046     
0.391031     
0.324184     
0.489541     
0.00173525     
0.340755     
0.410707     
0.379335     
0.117713     
0.412273     
0.761184     
0.331882     
0.0527658     
0.299243     
0.04683     
0.44421     
0.70124     
0.324493     
0.887326     
0.300987     
0.757694     
0.573309     
0.476779     
0.412048     
0.0939132     
0.190705     
0.625259     
0.311231     
0.0452759     
0.396513     
0.707251     
0.078322     
0.787544     
0.0314348     
0.567862     
0.789279     
0.372189     
0.97857     
0.168615     
0.489903     
0.390843     
0.929799     
0.821785     
0.443609     
0.229042     
0.868615     
0.887819     
0.930282     
0.193108     
0.775146     
0.23127     
0.950802     
0.348455     
0.708049     
0.36285     
0.442368     
0.898754     
0.988109     
0.753599     
0.94403     
0.384622     
0.46085     
0.0223519     
0.172166     
0.492285     
0.590214     
0.961445     
0.864474     
0.568784     
0.13006     
0.354377     
0.959627     
0.0598586     
0.176162     
0.403236     
0.288901     
0.0447767     
0.291055     
0.219183     
0.237885     
0.0662005     
0.450453     
0.188687     
0.414655     
0.158501     
0.551537     
0.857023     
0.0572554     
0.539645     
0.610622     
0.00128526     
0.924267     
0.0714717     
0.0236371     
0.0964327     
0.563756     
0.613851     
0.0578777     
0.428231     
0.182635     
0.187937     
0.782608     
0.142262     
0.247796     
0.958769     
0.545498     
0.536696     
0.00354609     
0.836553     
0.755879     
0.241431     
0.902754     
0.206332     
0.430118     
0.317409     
0.364834     
0.981654     
0.174432     
0.422089     
0.5213     
0.785053     
0.423374     
0.445567     
0.856525     
0.447011     
0.542     
0.420281     
0.0608628     
0.599877     
0.848512     
0.243498     
0.787815     
0.63112     
0.385761     
0.0356105     
0.589889     
0.931259     
0.572307     
0.593435     
0.767812     
0.328186     
0.834866     
0.670566     
0.534519     
0.264984     
0.987974     
0.899352     
0.246638     
0.162406     
0.321441     
0.767938     
0.947459     
0.744815     
0.213505     
0.803984     
0.191827     
0.755505     
0.224266     
0.252689     
0.355382     
0.0727776     
0.496188     
0.143196     
0.703897     
0.881948     
0.178807     
0.293786     
0.813207     
0.751114     
0.887222     
0.581019     
0.0793004     
0.722088     
0.251585     
0.613819     
0.987071     
0.239559     
0.513171     
0.23371     
0.401965     
0.834612     
0.00164766     
0.349424     
0.579428     
0.215153     
0.153409     
0.771254     
0.970657     
0.377674     
0.0239437     
0.326039     
0.450452     
0.520131     
0.469236     
0.154349     
0.40208     
0.648043     
0.448135     
0.215287     
0.399157     
0.335357     
0.796306     
0.478457     
0.0574445     
0.0478907     
0.092276     
0.0445158     
0.28745     
0.605447     
0.278225     
0.689415     
0.440059     
0.279873     
0.0388394     
0.0194869     
0.495026     
0.192248     
0.790741     
0.465683     
0.569922     
0.814685     
0.791722     
0.020374     
0.334816     
0.260958     
0.174723     
0.736896     
0.909     
0.622859     
0.952182     
0.308157     
0.958215     
0.748488     
0.786614     
0.01566     
0.796379     
0.87889     
0.0601758     
0.083829     
0.484337     
0.338401     
0.773244     
0.924396     
0.618274     
0.812083     
0.943883     
0.1133     
0.00433152     
0.734624     
0.578983     
0.574254     
0.549309     
0.370705     
0.594628     
0.884125     
0.631662     
0.769351     
0.621021     
0.540662     
0.392209     
0.573204     
0.848819     
0.350425     
0.321692     
0.635433     
0.366085     
0.118071     
0.514323     
0.426261     
0.2019     
0.998659     
0.764662     
0.975144     
0.923055     
0.382936     
0.787228     
0.866939     
0.496236     
0.791559     
0.601563     
0.0752188     
0.365813     
0.150872     
0.445924     
0.960441     
0.0349972     
0.077586     
0.729792     
0.656018     
0.618248     
0.122001     
0.229222     
0.467068     
0.472426     
0.550914     
0.1025     
0.838511     
0.668985     
0.616823     
0.264772     
0.870885     
0.615482     
0.0294335     
0.846029     
0.538538     
0.41237     
0.633257     
0.405476     
0.908606     
0.424816     
0.00703911     
0.983825     
0.790629     
0.157911     
0.429748     
0.751069     
0.192908     
0.507334     
0.480861     
0.848926     
0.125583     
0.602862     
0.0781481     
0.59265     
0.0752879     
0.629062     
0.695151     
0.913799     
0.298046     
0.311974     
0.17857     
0.168931     
0.927456     
0.208004     
0.0149598     
0.465994     
0.620374     
0.648216     
0.87147     
0.528979     
0.0730321     
0.878509     
0.512804     
0.863661     
0.0364202     
0.942552     
0.61473     
0.229328     
0.449886     
0.0955912     
0.0782549     
0.575469     
0.698453     
0.156403     
0.168119     
0.773741     
0.785465     
0.86327     
0.68754     
0.0835108     
0.175244     
0.86611     
0.252442     
0.1027     
0.0741143     
0.267401     
0.568693     
0.694488     
0.915618     
0.440163     
0.223467     
0.98865     
0.318673     
0.736271     
0.852311     
0.355093     
0.678823     
0.467041     
0.584421     
0.12871     
0.562632     
0.662676     
0.704179     
0.261086     
0.819079     
0.872298     
0.0348266     
0.604544     
0.735568     
0.722367     
0.688055     
0.910811     
0.588477     
0.940496     
0.0135108     
0.662591     
0.207898     
0.582204     
0.357079     
0.123516     
0.0223677     
0.580546     
0.112166     
0.34104     
0.316817     
0.964476     
0.696133     
0.995641     
0.431518     
0.280555     
0.124351     
0.99415     
0.943231     
0.828529     
0.255235     
0.76231     
0.700827     
0.290062     
0.366854     
0.436395     
0.0124286     
0.0549084     
0.347206     
0.600905     
0.995405     
0.360717     
0.263497     
0.203302     
0.942921     
0.620576     
0.326818     
0.965288     
0.201122     
0.438983     
0.306329     
0.517939     
0.40346     
0.00246204     
0.51358     
0.834977     
0.283017     
0.637931     
0.829127     
0.226248     
0.46646     
0.0843625     
0.988558     
0.167287     
0.374425     
0.355412     
0.603681     
0.386853     
0.41032     
0.950887     
0.987759     
0.405724     
0.311603     
0.251255     
0.609027     
0.254524     
0.871831     
0.935844     
0.219813     
0.0729526     
0.374828     
0.526141     
0.590892     
0.778287     
0.528603     
0.104472     
0.613264     
0.81162     
0.742402     
0.442391     
0.0378677     
0.208862     
0.526754     
0.0264254     
0.376149     
0.901178     
0.381837     
0.97983     
0.288032     
0.792157     
0.930717     
0.27579     
0.197882     
0.24232     
0.527045     
0.806908     
0.496844     
0.398876     
0.742753     
0.716657     
0.471829     
0.11758     
0.242798     
0.0627207     
0.895868     
0.771401     
0.167193     
0.509132     
0.583022     
0.909595     
0.951523     
0.620889     
0.118457     
0.478277     
0.647315     
0.494606     
0.379456     
0.0291517     
0.474436     
0.667488     
0.821309     
0.405153     
0.943278     
0.0191903     
0.647473     
0.470323     
0.826099     
0.144317     
0.8692     
0.568851     
0.860974     
0.341028     
0.686432     
0.103772     
0.403749     
0.582299     
0.875174     
0.570942     
0.0914311     
0.458195     
0.480537     
0.0429546     
0.0790846     
0.598994     
0.521232     
0.726399     
0.0936001     
0.900688     
0.755551     
0.568036     
0.568175     
0.57686     
0.973189     
0.511453     
0.59605     
0.620662     
0.981777     
0.422149     
0.764979     
0.850976     
0.991     
0.625953     
0.192005     
0.677431     
0.729726     
0.595754     
0.25973     
0.6049     
0.166696     
0.351162     
0.0630952     
0.647232     
0.394116     
0.14218     
0.246226     
0.915348     
0.868579     
0.339827     
0.816036     
0.62413     
0.907863     
0.384211     
0.20099     
0.881052     
0.895664     
0.79704     
0.501713     
0.877441     
0.219189     
0.266693     
0.728417     
0.210188     
0.892646     
0.920422     
0.88762     
0.622372     
0.516176     
0.14735     
0.227272     
0.682871     
0.498512     
0.290367     
0.330104     
0.892628     
0.432547     
0.57633     
0.807976     
0.301126     
0.916157     
0.624012     
0.925256     
0.824019     
0.00822329     
0.126246     
0.705071     
0.903888     
0.923285     
0.206784     
0.781329     
0.142474     
0.473477     
0.509746     
0.352662     
0.366123     
0.430168     
0.240282     
0.988495     
0.946344     
0.387632     
0.215767     
0.629215     
0.886144     
0.506134     
0.959319     
0.778772     
0.938681     
0.535649     
0.586748     
0.239807     
0.451805     
0.21076     
0.165062     
0.275825     
0.218984     
0.291308     
0.980895     
0.122871     
0.214593     
0.18768     
0.9042     
0.357067     
0.661157     
0.413946     
0.70973     
0.0272799     
0.844114     
0.950012     
0.0157752     
0.790458     
0.337644     
0.231542     
0.419673     
0.223789     
0.737676     
0.378991     
0.00256091     
0.676357     
0.91464     
0.589309     
0.916164     
0.366445     
0.80007     
0.0812262     
0.64227     
0.0190535     
0.372534     
0.623165     
0.141925     
0.587128     
0.810845     
0.0461252     
0.944195     
0.472002     
0.460072     
0.653925     
0.499282     
0.304186     
0.603937     
0.515057     
0.0946436     
0.941581     
0.746599     
0.514316     
0.16537     
0.484275     
0.893308     
0.167931     
0.160633     
0.807948     
0.75724     
0.0767964     
0.174393     
0.55731     
0.158023     
0.816663     
0.576363     
0.530557     
0.439828     
0.718288     
0.117685     
0.250673     
0.764413     
0.0618798     
0.722675     
0.224485     
0.715805     
0.221956     
0.528671     
0.319742     
0.737013     
0.623314     
0.261323     
0.483612     
0.137631     
0.426693     
0.967888     
0.0309383     
0.594623     
0.12852     
0.838886     
0.351863     
0.205317     
0.0132791     
0.909173     
0.36334     
0.829942     
0.485536     
0.893896     
0.26977     
0.203825     
0.011581     
0.520443     
0.968238     
0.0734607     
0.243118     
0.192723     
0.789265     
0.465074     
0.721393     
0.109007     
0.202087     
0.344708     
0.37033     
0.6857     
0.482338     
0.797022     
0.653588     
0.513277     
0.391646     
0.782108     
0.352163     
0.743509     
0.987425     
0.365442     
0.652682     
0.350764     
0.195384     
0.138218     
0.244661     
0.465154     
0.342043     
0.256242     
0.985597     
0.310281     
0.329703     
0.228715     
0.503004     
0.118968     
0.693789     
0.224397     
0.227975     
0.895876     
0.569105     
0.598305     
0.581576     
0.051443     
0.395327     
0.235164     
0.56472     
0.786973     
0.0172716     
0.916882     
0.530482     
0.0046965     
0.282324     
0.183164     
0.355461     
0.477707     
0.321382     
0.600122     
0.942861     
0.663425     
0.856364     
0.928457     
0.973706     
0.186066     
0.157172     
0.476709     
0.305034     
0.850961     
0.701106     
0.533009     
0.746837     
0.270211     
0.131314     
0.328413     
0.321654     
0.526641     
0.563576     
0.886374     
0.313614     
0.580848     
0.803256     
0.844096     
0.585545     
0.0855796     
0.0272594     
0.941005     
0.563287     
0.348641     
0.541127     
0.506148     
0.0120662     
0.397491     
0.434605     
0.985772     
0.583557     
0.591777     
0.462481     
0.888591     
0.442738     
0.163587     
0.4216     
0.189575     
0.433798     
0.552914     
0.517988     
0.755453     
0.0795555     
0.0815643     
0.641826     
0.393169     
0.662412     
0.445082     
0.237265     
0.247957     
0.530662     
0.264525     
0.188962     
0.0939486     
0.613166     
0.73009     
0.600096     
0.625232     
0.12758     
0.0347016     
0.611004     
0.711137     
0.626479     
0.0734849     
0.599728     
0.069217     
0.237072     
0.0213287     
0.258792     
0.670871     
0.574243     
0.77678     
0.426323     
0.653799     
0.858344     
0.0681496     
0.046968     
0.520757     
0.513232     
0.284233     
0.768713     
0.0438935     
0.548758     
0.957676     
0.137842     
0.161924     
0.687765     
0.737938     
0.787156     
0.815346     
0.77264     
0.39816     
0.526483     
0.399119     
0.471644     
0.126211     
0.468336     
0.708717     
0.14754     
0.727128     
0.379588     
0.721783     
0.503908     
0.805911     
0.375582     
0.362252     
0.87406     
0.42255     
0.883009     
0.387292     
0.706783     
0.651722     
0.431186     
0.25554     
0.609398     
0.569028     
0.417464     
0.297163     
0.306966     
0.204619     
0.112509     
0.0796065     
0.602779     
0.638992     
0.478726     
0.0744235     
0.765203     
0.947062     
0.78314     
0.912743     
0.67419     
0.162728     
0.634526     
0.178098     
0.968639     
0.0101081     
0.54035     
0.842699     
0.432658     
0.423358     
0.229991     
0.13944     
0.0750805     
0.661177     
0.394981     
0.684478     
0.230205     
0.812445     
0.981642     
0.537171     
0.017064     
0.0941507     
0.616778     
0.619843     
0.733143     
0.0955032     
0.694266     
0.498346     
0.0425647     
0.477407     
0.411089     
0.716754     
0.640134     
0.0456158     
0.894852     
0.608773     
0.0557239     
0.435202     
0.451472     
0.488382     
0.85856     
0.681463     
0.627822     
0.93364     
0.34264     
0.0228026     
0.618119     
0.572845     
0.835247     
0.599761     
0.110016     
0.852311     
0.693911     
0.726794     
0.472154     
0.427054     
0.822297     
0.166421     
0.9254     
0.864862     
0.643827     
0.336489     
0.581616     
0.283962     
0.382105     
0.476468     
0.892735     
