0.381903  0.610698  0.641161  0.611622     
0.635195  0.0703129  0.532517  0.701782     
0.418402  0.94191  0.510085  0.539312     
0.799291  0.869777  0.056623  0.389398     
0.349559  0.794903  0.401061  0.647577     
0.804866  0.866649  0.0714728  0.946465     
0.846774  0.333034  0.429074  0.461385     
0.00484267  0.9428  0.914607  0.386746     
0.553498  0.555769  0.998368  0.188694     
0.626082  0.530885  0.890476  0.0444839     
0.472795  0.40056  0.583796  0.272086     
0.270337  0.640419  0.661484  0.619896     
0.435322  0.0625457  0.267473  0.240188     
0.929195  0.338946  0.186653  0.775968     
0.67198  0.615727  0.237353  0.676823     
0.558527  0.151961  0.0635686  0.112026     
0.707729  0.0619366  0.300719  0.333811     
0.592822  0.191195  0.378295  0.0656166     
0.591755  0.962091  0.337703  0.862092     
0.602509  0.999187  0.481988  0.037831     
0.061733  0.749461  0.278019  0.990928     
0.0884075  0.464672  0.766896  0.760388     
0.0803993  0.00424902  0.43721  0.638926     
0.15621  0.500779  0.750952  0.863939     
0.562716  0.0516714  0.19775  0.155537     
0.242866  0.576044  0.221154  0.834622     
0.538135  0.558856  0.696714  0.140644     
0.558044  0.178702  0.178475  0.619777     
0.928164  0.456494  0.610704  0.0165711     
0.921167  0.3776  0.776959  0.00156603     
0.381849  0.214169  0.640492  0.538059     
0.714948  0.391445  0.401997  0.277663     
0.443116  0.599747  0.4332  0.685983     
0.175791  0.654354  0.520604  0.713926     
0.213211  0.217318  0.854571  0.771254     
0.39602  0.033046  0.391031  0.324184     
0.489541  0.00173525  0.340755  0.410707     
0.379335  0.117713  0.412273  0.761184     
0.331882  0.0527658  0.299243  0.04683     
0.44421  0.70124  0.324493  0.887326     
0.300987  0.757694  0.573309  0.476779     
0.412048  0.0939132  0.190705  0.625259     
0.311231  0.0452759  0.396513  0.707251     
0.078322  0.787544  0.0314348  0.567862     
0.789279  0.372189  0.97857  0.168615     
0.489903  0.390843  0.929799  0.821785     
0.443609  0.229042  0.868615  0.887819     
0.930282  0.193108  0.775146  0.23127     
0.950802  0.348455  0.708049  0.36285     
0.442368  0.898754  0.988109  0.753599     
0.94403  0.384622  0.46085  0.0223519     
0.172166  0.492285  0.590214  0.961445     
0.864474  0.568784  0.13006  0.354377     
0.959627  0.0598586  0.176162  0.403236     
0.288901  0.0447767  0.291055  0.219183     
0.237885  0.0662005  0.450453  0.188687     
0.414655  0.158501  0.551537  0.857023     
0.0572554  0.539645  0.610622  0.00128526     
0.924267  0.0714717  0.0236371  0.0964327     
0.563756  0.613851  0.0578777  0.428231     
0.182635  0.187937  0.782608  0.142262     
0.247796  0.958769  0.545498  0.536696     
0.00354609  0.836553  0.755879  0.241431     
0.902754  0.206332  0.430118  0.317409     
0.364834  0.981654  0.174432  0.422089     
0.5213  0.785053  0.423374  0.445567     
0.856525  0.447011  0.542  0.420281     
0.0608628  0.599877  0.848512  0.243498     
0.787815  0.63112  0.385761  0.0356105     
0.589889  0.931259  0.572307  0.593435     
0.767812  0.328186  0.834866  0.670566     
0.534519  0.264984  0.987974  0.899352     
0.246638  0.162406  0.321441  0.767938     
0.947459  0.744815  0.213505  0.803984     
0.191827  0.755505  0.224266  0.252689     
0.355382  0.0727776  0.496188  0.143196     
0.703897  0.881948  0.178807  0.293786     
0.813207  0.751114  0.887222  0.581019     
0.0793004  0.722088  0.251585  0.613819     
0.987071  0.239559  0.513171  0.23371     
0.401965  0.834612  0.00164766  0.349424     
0.579428  0.215153  0.153409  0.771254     
0.970657  0.377674  0.0239437  0.326039     
0.450452  0.520131  0.469236  0.154349     
0.40208  0.648043  0.448135  0.215287     
0.399157  0.335357  0.796306  0.478457     
0.0574445  0.0478907  0.092276  0.0445158     
0.28745  0.605447  0.278225  0.689415     
0.440059  0.279873  0.0388394  0.0194869     
0.495026  0.192248  0.790741  0.465683     
0.569922  0.814685  0.791722  0.020374     
0.334816  0.260958  0.174723  0.736896     
0.909  0.622859  0.952182  0.308157     
0.958215  0.748488  0.786614  0.01566     
0.796379  0.87889  0.0601758  0.083829     
0.484337  0.338401  0.773244  0.924396     
0.618274  0.812083  0.943883  0.1133     
0.00433152  0.734624  0.578983  0.574254     
0.549309  0.370705  0.594628  0.884125     
0.631662  0.769351  0.621021  0.540662     
0.392209  0.573204  0.848819  0.350425     
0.321692  0.635433  0.366085  0.118071     
0.514323  0.426261  0.2019  0.998659     
0.764662  0.975144  0.923055  0.382936     
0.787228  0.866939  0.496236  0.791559     
0.601563  0.0752188  0.365813  0.150872     
0.445924  0.960441  0.0349972  0.077586     
0.729792  0.656018  0.618248  0.122001     
0.229222  0.467068  0.472426  0.550914     
0.1025  0.838511  0.668985  0.616823     
0.264772  0.870885  0.615482  0.0294335     
0.846029  0.538538  0.41237  0.633257     
0.405476  0.908606  0.424816  0.00703911     
0.983825  0.790629  0.157911  0.429748     
0.751069  0.192908  0.507334  0.480861     
0.848926  0.125583  0.602862  0.0781481     
0.59265  0.0752879  0.629062  0.695151     
0.913799  0.298046  0.311974  0.17857     
0.168931  0.927456  0.208004  0.0149598     
0.465994  0.620374  0.648216  0.87147     
0.528979  0.0730321  0.878509  0.512804     
0.863661  0.0364202  0.942552  0.61473     
0.229328  0.449886  0.0955912  0.0782549     
0.575469  0.698453  0.156403  0.168119     
0.773741  0.785465  0.86327  0.68754     
0.0835108  0.175244  0.86611  0.252442     
0.1027  0.0741143  0.267401  0.568693     
0.694488  0.915618  0.440163  0.223467     
0.98865  0.318673  0.736271  0.852311     
0.355093  0.678823  0.467041  0.584421     
0.12871  0.562632  0.662676  0.704179     
0.261086  0.819079  0.872298  0.0348266     
0.604544  0.735568  0.722367  0.688055     
0.910811  0.588477  0.940496  0.0135108     
0.662591  0.207898  0.582204  0.357079     
0.123516  0.0223677  0.580546  0.112166     
0.34104  0.316817  0.964476  0.696133     
0.995641  0.431518  0.280555  0.124351     
0.99415  0.943231  0.828529  0.255235     
0.76231  0.700827  0.290062  0.366854     
0.436395  0.0124286  0.0549084  0.347206     
0.600905  0.995405  0.360717  0.263497     
0.203302  0.942921  0.620576  0.326818     
0.965288  0.201122  0.438983  0.306329     
0.517939  0.40346  0.00246204  0.51358     
0.834977  0.283017  0.637931  0.829127     
0.226248  0.46646  0.0843625  0.988558     
0.167287  0.374425  0.355412  0.603681     
0.386853  0.41032  0.950887  0.987759     
0.405724  0.311603  0.251255  0.609027     
0.254524  0.871831  0.935844  0.219813     
0.0729526  0.374828  0.526141  0.590892     
0.778287  0.528603  0.104472  0.613264     
0.81162  0.742402  0.442391  0.0378677     
0.208862  0.526754  0.0264254  0.376149     
0.901178  0.381837  0.97983  0.288032     
0.792157  0.930717  0.27579  0.197882     
0.24232  0.527045  0.806908  0.496844     
0.398876  0.742753  0.716657  0.471829     
0.11758  0.242798  0.0627207  0.895868     
0.771401  0.167193  0.509132  0.583022     
0.909595  0.951523  0.620889  0.118457     
0.478277  0.647315  0.494606  0.379456     
0.0291517  0.474436  0.667488  0.821309     
0.405153  0.943278  0.0191903  0.647473     
0.470323  0.826099  0.144317  0.8692     
0.568851  0.860974  0.341028  0.686432     
0.103772  0.403749  0.582299  0.875174     
0.570942  0.0914311  0.458195  0.480537     
0.0429546  0.0790846  0.598994  0.521232     
0.726399  0.0936001  0.900688  0.755551     
0.568036  0.568175  0.57686  0.973189     
0.511453  0.59605  0.620662  0.981777     
0.422149  0.764979  0.850976  0.991     
0.625953  0.192005  0.677431  0.729726     
0.595754  0.25973  0.6049  0.166696     
0.351162  0.0630952  0.647232  0.394116     
0.14218  0.246226  0.915348  0.868579     
0.339827  0.816036  0.62413  0.907863     
0.384211  0.20099  0.881052  0.895664     
0.79704  0.501713  0.877441  0.219189     
0.266693  0.728417  0.210188  0.892646     
0.920422  0.88762  0.622372  0.516176     
0.14735  0.227272  0.682871  0.498512     
0.290367  0.330104  0.892628  0.432547     
0.57633  0.807976  0.301126  0.916157     
0.624012  0.925256  0.824019  0.00822329     
0.126246  0.705071  0.903888  0.923285     
0.206784  0.781329  0.142474  0.473477     
0.509746  0.352662  0.366123  0.430168     
0.240282  0.988495  0.946344  0.387632     
0.215767  0.629215  0.886144  0.506134     
0.959319  0.778772  0.938681  0.535649     
0.586748  0.239807  0.451805  0.21076     
0.165062  0.275825  0.218984  0.291308     
0.980895  0.122871  0.214593  0.18768     
0.9042  0.357067  0.661157  0.413946     
0.70973  0.0272799  0.844114  0.950012     
0.0157752  0.790458  0.337644  0.231542     
0.419673  0.223789  0.737676  0.378991     
0.00256091  0.676357  0.91464  0.589309     
0.916164  0.366445  0.80007  0.0812262     
0.64227  0.0190535  0.372534  0.623165     
0.141925  0.587128  0.810845  0.0461252     
0.944195  0.472002  0.460072  0.653925     
0.499282  0.304186  0.603937  0.515057     
0.0946436  0.941581  0.746599  0.514316     
0.16537  0.484275  0.893308  0.167931     
0.160633  0.807948  0.75724  0.0767964     
0.174393  0.55731  0.158023  0.816663     
0.576363  0.530557  0.439828  0.718288     
0.117685  0.250673  0.764413  0.0618798     
0.722675  0.224485  0.715805  0.221956     
0.528671  0.319742  0.737013  0.623314     
0.261323  0.483612  0.137631  0.426693     
0.967888  0.0309383  0.594623  0.12852     
0.838886  0.351863  0.205317  0.0132791     
0.909173  0.36334  0.829942  0.485536     
0.893896  0.26977  0.203825  0.011581     
0.520443  0.968238  0.0734607  0.243118     
0.192723  0.789265  0.465074  0.721393     
0.109007  0.202087  0.344708  0.37033     
0.6857  0.482338  0.797022  0.653588     
0.513277  0.391646  0.782108  0.352163     
0.743509  0.987425  0.365442  0.652682     
0.350764  0.195384  0.138218  0.244661     
0.465154  0.342043  0.256242  0.985597     
0.310281  0.329703  0.228715  0.503004     
0.118968  0.693789  0.224397  0.227975     
0.895876  0.569105  0.598305  0.581576     
0.051443  0.395327  0.235164  0.56472     
0.786973  0.0172716  0.916882  0.530482     
0.0046965  0.282324  0.183164  0.355461     
0.477707  0.321382  0.600122  0.942861     
0.663425  0.856364  0.928457  0.973706     
0.186066  0.157172  0.476709  0.305034     
0.850961  0.701106  0.533009  0.746837     
0.270211  0.131314  0.328413  0.321654     
0.526641  0.563576  0.886374  0.313614     
0.580848  0.803256  0.844096  0.585545     
0.0855796  0.0272594  0.941005  0.563287     
0.348641  0.541127  0.506148  0.0120662     
0.397491  0.434605  0.985772  0.583557     
0.591777  0.462481  0.888591  0.442738     
0.163587  0.4216  0.189575  0.433798     
0.552914  0.517988  0.755453  0.0795555     
0.0815643  0.641826  0.393169  0.662412     
0.445082  0.237265  0.247957  0.530662     
0.264525  0.188962  0.0939486  0.613166     
0.73009  0.600096  0.625232  0.12758     
0.0347016  0.611004  0.711137  0.626479     
0.0734849  0.599728  0.069217  0.237072     
0.0213287  0.258792  0.670871  0.574243     
0.77678  0.426323  0.653799  0.858344     
0.0681496  0.046968  0.520757  0.513232     
0.284233  0.768713  0.0438935  0.548758     
0.957676  0.137842  0.161924  0.687765     
0.737938  0.787156  0.815346  0.77264     
0.39816  0.526483  0.399119  0.471644     
0.126211  0.468336  0.708717  0.14754     
0.727128  0.379588  0.721783  0.503908     
0.805911  0.375582  0.362252  0.87406     
0.42255  0.883009  0.387292  0.706783     
0.651722  0.431186  0.25554  0.609398     
0.569028  0.417464  0.297163  0.306966     
0.204619  0.112509  0.0796065  0.602779     
0.638992  0.478726  0.0744235  0.765203     
0.947062  0.78314  0.912743  0.67419     
0.162728  0.634526  0.178098  0.968639     
0.0101081  0.54035  0.842699  0.432658     
0.423358  0.229991  0.13944  0.0750805     
0.661177  0.394981  0.684478  0.230205     
0.812445  0.981642  0.537171  0.017064     
0.0941507  0.616778  0.619843  0.733143     
0.0955032  0.694266  0.498346  0.0425647     
0.477407  0.411089  0.716754  0.640134     
0.0456158  0.894852  0.608773  0.0557239     
0.435202  0.451472  0.488382  0.85856     
0.681463  0.627822  0.93364  0.34264     
0.0228026  0.618119  0.572845  0.835247     
0.599761  0.110016  0.852311  0.693911     
0.726794  0.472154  0.427054  0.822297     
0.166421  0.9254  0.864862  0.643827     
0.336489  0.581616  0.283962  0.382105     
0.476468  0.892735  0.437829  0.911669     
0.344207  0.926211  0.770229  0.0256699     
0.554033  0.70387  0.36831  0.576835     
0.321989  0.941155  0.412082  0.921749     
0.0511712  0.264393  0.615661  0.777965     
0.736548  0.0427145  0.600262  0.902968     
0.968114  0.465123  0.546796  0.304604     
0.0467395  0.830758  0.686709  0.523207     
0.723493  0.124538  0.434877  0.0676993     
0.0507484  0.205106  0.0933692  0.604781     
0.908976  0.461679  0.181616  0.230965     
0.402834  0.593698  0.152714  0.454005     
0.858091  0.768375  0.23197  0.594639     
0.811089  0.832232  0.497607  0.779203     
0.297356  0.0444032  0.0838071  0.344095     
0.875161  0.770516  0.867303  0.598654     
0.895054  0.302179  0.666353  0.945802     
0.507286  0.759722  0.550583  0.416262     
0.221401  0.732199  0.647226  0.624236     
0.325897  0.79994  0.0782411  0.183988     
0.568315  0.310211  0.778627  0.379404     
0.142444  0.276235  0.158607  0.439799     
0.320638  0.242414  0.783894  0.195799     
0.0129303  0.651197  0.794452  0.907984     
0.953376  0.460805  0.853786  0.460662     
0.220527  0.404369  0.876923  0.441929     
0.136567  0.52415  0.0661642  0.462464     
0.32409  0.144405  0.646452  0.892405     
0.454617  0.42508  0.271808  0.59706     
0.701314  0.430416  0.0368598  0.0219524     
0.67283  0.820754  0.217751  0.68576     
0.471951  0.0122037  0.593744  0.425328     
0.473009  0.44753  0.88599  0.693536     
0.851899  0.762913  0.135465  0.988466     
0.287063  0.201629  0.450931  0.611153     
0.346034  0.0973831  0.503557  0.800651     
0.522463  0.775366  0.397712  0.223777     
0.205781  0.434571  0.24573  0.878611     
0.255326  0.463481  0.564372  0.727277     
0.475685  0.158116  0.152605  0.948694     
0.605646  0.0385942  0.64223  0.457545     
0.801507  0.777695  0.446011  0.08857     
0.979324  0.896942  0.699723  0.325358     
0.994325  0.20328  0.126009  0.516788     
0.978645  0.523721  0.740565  0.184427     
0.958292  0.986295  0.0630379  0.213618     
0.449775  0.62741  0.940895  0.92546     
0.785525  0.0934998  0.874154  0.391171     
0.132094  0.516384  0.848716  0.933601     
0.294078  0.294727  0.0221713  0.273402     
0.191669  0.721894  0.59876  0.185994     
0.925174  0.724769  0.702781  0.903819     
0.24849  0.443346  0.0882455  0.206783     
0.429641  0.151283  0.420401  0.879416     
0.778693  0.361296  0.804876  0.564218     
0.454796  0.67903  0.95539  0.58689     
0.195414  0.804106  0.520491  0.489492     
0.0988334  0.542663  0.762894  0.290502     
0.264557  0.361654  0.476496  0.18973     
0.0864233  0.179278  0.093549  0.334914     
0.622624  0.181794  0.541697  0.0522647     
0.333078  0.962098  0.931681  0.111771     
0.323394  0.736557  0.675989  0.77819     
0.415587  0.631379  0.36508  0.611001     
0.435485  0.885572  0.100493  0.534319     
0.428235  0.863386  0.824821  0.692791     
0.22504  0.301317  0.882521  0.311463     
0.480595  0.97607  0.646377  0.103219     
0.157865  0.188074  0.155483  0.490943     
0.150172  0.0871644  0.602713  0.473566     
0.823722  0.278703  0.251756  0.239309     
0.910082  0.616836  0.85031  0.345567     
0.502408  0.950803  0.879885  0.930643     
0.814189  0.704706  0.623434  0.0392292     
0.00602357  0.505955  0.350693  0.486618     
0.482025  0.99707  0.589837  0.63989     
0.185144  0.745321  0.130832  0.335316     
0.832485  0.733546  0.808881  0.656207     
0.0122486  0.0606374  0.895516  0.92233     
0.677474  0.745826  0.267897  0.179882     
0.696628  0.147783  0.110525  0.510817     
0.852489  0.733958  0.550047  0.858513     
0.239913  0.900739  0.345131  0.721939     
0.897809  0.934968  0.361828  0.0829528     
0.680289  0.492661  0.418268  0.512774     
0.226207  0.22715  0.168981  0.238455     
0.287787  0.0644962  0.160786  0.965261     
0.810322  0.428683  0.145143  0.50695     
0.576466  0.255667  0.0177677  0.428955     
0.989626  0.567814  0.287468  0.229539     
0.468553  0.632599  0.951478  0.366363     
0.567568  0.313306  0.449315  0.247857     
0.805967  0.867584  0.760631  0.0321739     
0.0947334  0.929611  0.270629  0.382521     
0.994107  0.431415  0.347781  0.804429     
0.860098  0.492924  0.31138  0.436565     
0.748592  0.329147  0.86552  0.738218     
0.896961  0.152988  0.967757  0.365515     
0.785588  0.919235  0.731877  0.353155     
0.232541  0.181193  0.601012  0.0385081     
0.0487765  0.361643  0.0706819  0.14351     
0.291254  0.341311  0.526031  0.285361     
0.772726  0.873812  0.0897902  0.632825     
0.366736  0.40117  0.0693894  0.115328     
0.730317  0.934909  0.853546  0.627278     
0.0878975  0.821302  0.992793  0.873485     
0.740537  0.724671  0.22664  0.973078     
0.905864  0.827652  0.0115861  0.95464     
0.189295  0.082268  0.0981501  0.480549     
0.423579  0.624181  0.76591  0.196306     
0.497993  0.8557  0.82913  0.864729     
0.25687  0.89852  0.980057  0.987187     
0.833429  0.833602  0.614465  0.921327     
0.654905  0.607258  0.794812  0.395442     
0.331929  0.0214522  0.36852  0.237793     
0.849105  0.380106  0.192433  0.0383996     
0.462374  0.290583  0.518948  0.885953     
0.914764  0.284858  0.0822586  0.412756     
0.140558  0.911389  0.277485  0.397427     
0.809909  0.257542  0.384614  0.643338     
0.0911442  0.999079  0.564665  0.746049     
0.606337  0.359476  0.141491  0.938267     
0.380929  0.510011  0.176059  0.230033     
0.890117  0.368493  0.268433  0.35249     
0.659076  0.787381  0.238443  0.573839     
0.0722387  0.320702  0.986596  0.212796     
0.232091  0.264081  0.610223  0.0419997     
0.521623  0.994837  0.685338  0.612767     
0.993916  0.250002  0.358816  0.600253     
0.609478  0.500307  0.53852  0.990407     
0.0103175  0.714579  0.22044  0.900434     
0.0830718  0.488873  0.252924  0.742148     
0.276254  0.491368  0.315987  0.348492     
0.81207  0.302583  0.561289  0.0441608     
0.566663  0.171512  0.0861605  0.0882862     
0.166349  0.771498  0.701053  0.160265     
0.0215001  0.0598691  0.760518  0.630978     
0.560176  0.299038  0.621385  0.570493     
0.0136173  0.841825  0.470927  0.0966891     
0.330698  0.723852  0.838837  0.606952     
0.21522  0.154824  0.955444  0.0272894     
0.457406  0.516733  0.0714502  0.0240697     
0.688245  0.157611  0.112356  0.854594     
0.929109  0.813409  0.014859  0.950609     
0.873278  0.775377  0.581587  0.433454     
0.0744154  0.202973  0.00394749  0.0880327     
0.0447979  0.474875  0.184722  0.375496     
0.198727  0.0235585  0.982448  0.413946     
0.178382  0.937892  0.441236  0.635788     
0.454625  0.512686  0.659858  0.14287     
0.670296  0.772214  0.997464  0.599405     
0.585623  0.0123226  0.550014  0.458901     
0.7877  0.131601  0.892355  0.862115     
0.334573  0.896303  0.950148  0.379371     
0.371177  0.13487  0.754867  0.569904     
0.158428  0.737315  0.98385  0.33681     
0.675207  0.425086  0.972599  0.129832     
0.937771  0.632457  0.272702  0.608068     
0.40467  0.270166  0.207473  0.990293     
0.282488  0.757486  0.449194  0.0701881     
0.889087  0.341549  0.932303  0.22366     
0.237852  0.882451  0.603032  0.609029     
0.0173211  0.357899  0.178933  0.175749     
0.0952145  0.162783  0.51256  0.770422     
0.587869  0.485158  0.900254  0.52564     
0.117615  0.172957  0.133708  0.522285     
0.443122  0.341181  0.512578  0.72561     
0.098667  0.961772  0.795798  0.987754     
0.303322  0.728102  0.211415  0.541173     
0.610553  0.814446  0.150202  0.627874     
0.172345  0.329135  0.803624  0.26756     
0.491919  0.316184  0.0379819  0.0797877     
0.801342  0.938236  0.605428  0.918957     
0.111193  0.739136  0.441242  0.554315     
0.0803166  0.95382  0.279925  0.178984     
0.915593  0.0757239  0.166738  0.218914     
0.803826  0.378152  0.760088  0.414379     
0.192599  0.91029  0.0422532  0.364944     
0.239426  0.845877  0.632504  0.731344     
0.16206  0.670486  0.811132  0.963402     
0.608722  0.41656  0.882359  0.719915     
0.155696  0.323601  0.27423  0.236013     
0.277422  0.554156  0.414996  0.193015     
0.62988  0.581734  0.411929  0.433705     
0.959886  0.172017  0.848084  0.152485     
0.0823072  0.890338  0.517429  0.321733     
0.736214  0.149933  0.0530772  0.898275     
0.820419  0.864209  0.861677  0.429141     
0.280769  0.744037  0.149057  0.436465     
0.0676381  0.423287  0.672478  0.34506     
0.977443  0.0874742  0.538075  0.607322     
0.669208  0.950004  0.0410278  0.629094     
0.122021  0.889112  0.781579  0.204328     
0.77945  0.299008  0.526061  0.515664     
0.448941  0.579138  0.413939  0.26936     
0.443348  0.275616  0.698502  0.724117     
0.0196531  0.847558  0.160582  0.0872912     
0.270845  0.83306  0.432351  0.248288     
0.920534  0.970426  0.85561  0.589742     
0.92043  0.896638  0.218837  0.0424514     
0.78575  0.000415721  0.24678  0.5652     
0.299424  0.772841  0.0808645  0.748365     
0.351979  0.494804  0.0177253  0.795327     
0.77042  0.716227  0.519444  0.790073     
0.563785  0.680026  0.877364  0.834631     
0.513086  0.309716  0.0829187  0.433621     
0.280142  0.938529  0.0233628  0.200572     
0.835167  0.242199  0.243023  0.620918     
0.242615  0.489803  0.186118  0.542039     
0.262644  0.266982  0.290404  0.614623     
0.761786  0.308129  0.40995  0.532206     
0.0243563  0.929394  0.322279  0.588142     
0.60942  0.199644  0.422772  0.122507     
0.509359  0.505691  0.556127  0.789501     
0.44422  0.57949  0.990073  0.279387     
0.821689  0.233096  0.900305  0.0643046     
0.722899  0.0864232  0.606344  0.985543     
0.353406  0.896748  0.600166  0.115192     
0.204877  0.0101168  0.647398  0.229233     
0.939511  0.969677  0.817375  0.548932     
0.169321  0.240147  0.671438  0.678681     
0.745838  0.227565  0.468182  0.190058     
0.807055  0.458254  0.469446  0.628745     
0.69135  0.369751  0.693049  0.414249     
0.456174  0.299393  0.399792  0.80958     
0.196141  0.999959  0.924771  0.401018     
0.0100754  0.572169  0.630251  0.949587     
0.541847  0.447626  0.498518  0.711168     
0.687773  0.169956  0.389848  0.433611     
0.397522  0.85803  0.62367  0.204577     
0.316284  0.0931155  0.833322  0.00763487     
0.462867  0.526372  0.421884  0.919041     
0.825765  0.821676  0.728621  0.0219054     
0.821635  0.653392  0.422923  0.83171     
0.225562  0.0531738  0.781297  0.767408     
0.500799  0.279815  0.478576  0.188572     
0.449772  0.868424  0.622184  0.847293     
0.726454  0.245853  0.0518707  0.0427385     
0.338969  0.885193  0.0503734  0.801835     
0.411564  0.472258  0.720876  0.237329     
0.293934  0.449497  0.259234  0.115569     
0.102889  0.682157  0.947279  0.32845     
0.735331  0.728576  0.0958586  0.236131     
0.00839143  0.574434  0.424703  0.458163     
0.442858  0.0468866  0.305456  0.169313     
0.29274  0.357327  0.212051  0.631708     
0.24252  0.262424  0.433543  0.654084     
0.734682  0.154419  0.891413  0.0286159     
0.603916  0.150648  0.144185  0.706805     
0.832805  0.0914643  0.0352553  0.568136     
0.820041  0.131114  0.804267  0.828432     
0.705548  0.22897  0.286595  0.148407     
0.275857  0.592051  0.317719  0.568596     
0.949378  0.52977  0.200305  0.191898     
0.792195  0.633848  0.845982  0.526877     
0.788267  0.737396  0.555492  0.392183     
0.888043  0.699677  0.0989881  0.720849     
0.791142  0.134243  0.288985  0.611182     
0.265357  0.0932521  0.439614  0.970906     
0.322222  0.726209  0.119312  0.598079     
0.318261  0.437031  0.166675  0.267639     
0.966802  0.36698  0.459537  0.758996     
0.000828092  0.30552  0.285873  0.789095     
0.0429155  0.841365  0.181279  0.930959     
0.541043  0.280267  0.651808  0.332184     
0.41451  0.940793  0.943366  0.679868     
0.0340448  0.382981  0.650773  0.356267     
0.10919  0.770085  0.954346  0.427451     
0.207117  0.121022  0.69509  0.173918     
0.488002  0.154627  0.932914  0.48883     
0.460147  0.218787  0.277925  0.503062     
0.0601524  0.459204  0.434021  0.601195     
0.739471  0.0858288  0.933379  0.153981     
0.0266214  0.876746  0.833848  0.0606662     
0.259726  0.484621  0.416933  0.368916     
0.254706  0.371279  0.796367  0.461823     
0.492301  0.491456  0.635741  0.980303     
0.646083  0.568656  0.469132  0.10623     
0.787443  0.747057  0.609292  0.847595     
0.206261  0.0433131  0.44879  0.945732     
0.129142  0.38217  0.0997124  0.155763     
0.258915  0.933561  0.21643  0.518641     
0.418182  0.633363  0.887557  0.672888     
0.00464227  0.683924  0.134711  0.496943     
0.17538  0.770453  0.477246  0.821463     
0.339108  0.946378  0.927693  0.126551     
0.693435  0.536985  0.974147  0.899697     
0.580298  0.422937  0.845428  0.70944     
0.805107  0.945141  0.865203  0.0640219     
0.878701  0.0816328  0.582663  0.296883     
0.714996  0.47022  0.969772  0.719638     
0.154144  0.104483  0.216581  0.329525     
0.874935  0.693827  0.150988  0.214044     
0.640205  0.0786813  0.340595  0.333641     
0.615666  0.314742  0.233337  0.195965     
0.737679  0.0787656  0.905405  0.542786     
0.0239063  0.770608  0.606808  0.902608     
0.852241  0.189471  0.199491  0.567237     
0.659691  0.169262  0.286875  0.813836     
0.273745  0.503456  0.14336  0.148681     
0.197283  0.294349  0.362724  0.837488     
0.37303  0.703319  0.171128  0.988696     
0.0180611  0.404466  0.184661  0.75574     
0.483231  0.0900656  0.298526  0.507138     
0.860674  0.905334  0.409745  0.712915     
0.0948046  0.609236  0.280151  0.754496     
0.778499  0.567026  0.568332  0.052244     
0.0704814  0.711692  0.200925  0.267764     
0.00604075  0.563649  0.105252  0.379071     
0.266968  0.27638  0.367767  0.285029     
0.680846  0.552428  0.0407694  0.164077     
0.642493  0.339295  0.671215  0.503167     
0.244629  0.0809605  0.216081  0.339434     
0.690197  0.496232  0.0939296  0.468696     
0.0632581  0.662261  0.52094  0.13374     
0.373954  0.721864  0.401504  0.379994     
0.285513  0.506756  0.759065  0.552481     
0.783136  0.126832  0.83751  0.463982     
0.679259  0.87828  0.62806  0.321753     
0.217575  0.299275  0.824919  0.462204     
0.380235  0.0410009  0.801638  0.0704322     
0.537233  0.895567  0.539128  0.600491     
0.557829  0.0600672  0.734231  0.931782     
0.781931  0.135735  0.311777  0.0674442     
0.64249  0.0708416  0.619925  0.425626     
0.197673  0.457435  0.889609  0.876933     
0.335715  0.517668  0.198685  0.55329     
0.816943  0.0236048  0.0154938  0.197179     
0.0646056  0.817132  0.267611  0.601839     
0.712699  0.806738  0.20233  0.270528     
0.866806  0.936561  0.20231  0.648737     
0.072296  0.514087  0.716181  0.714786     
0.584928  0.336106  0.140413  0.782602     
0.793542  0.0300211  0.659534  0.129257     
0.547689  0.85822  0.682546  0.364633     
0.881824  0.69804  0.561811  0.94643     
0.515172  0.829422  0.548269  0.227871     
0.63616  0.7506  0.498398  0.502966     
0.687161  0.700708  0.151703  0.759457     
0.214795  0.867884  0.474243  0.799723     
0.203991  0.614656  0.582325  0.997532     
0.644677  0.241859  0.126789  0.192366     
0.100079  0.809336  0.556999  0.981904     
0.507376  0.11881  0.928334  0.0225478     
0.948232  0.476603  0.250419  0.584392     
0.227202  0.748817  0.0873582  0.914363     
0.449525  0.239061  0.67382  0.66432     
0.106946  0.148063  0.464044  0.310936     
0.762719  0.0463686  0.308469  0.407396     
0.288228  0.435258  0.599762  0.388307     
0.244594  0.156761  0.370211  0.75197     
0.27557  0.298544  0.774518  0.223802     
0.775147  0.0249361  0.808194  0.00234913     
0.773753  0.895553  0.916712  0.223278     
0.134614  0.590532  0.887599  0.24156     
0.738596  0.351642  0.552496  0.501315     
0.398011  0.860965  0.90871  0.686239     
0.296223  0.508472  0.0745456  0.540817     
0.665233  0.444756  0.292786  0.940803     
0.7433  0.067304  0.164606  0.518447     
0.0922401  0.9728  0.520796  0.865993     
0.868352  0.437509  0.0892714  0.00296629     
0.028041  0.97687  0.244526  0.766637     
0.328512  0.797022  0.267951  0.726523     
0.657987  0.176662  0.412761  0.95421     
0.685134  0.487307  0.495027  0.350367     
0.932063  0.787813  0.291171  0.675363     
0.855117  0.455776  0.19381  0.947357     
0.428576  0.714607  0.81335  0.296929     
0.152115  0.902622  0.299895  0.180156     
0.879492  0.544421  0.946793  0.208004     
0.341443  0.214744  0.934526  0.99943     
0.391406  0.347288  0.95364  0.0765407     
0.834594  0.448666  0.426908  0.766657     
0.23648  0.718079  0.44202  0.0915969     
0.173855  0.635831  0.0389542  0.602431     
0.350437  0.852305  0.89936  0.502552     
0.754927  0.199255  0.682708  0.634418     
0.743676  0.629501  0.842422  0.0851182     
0.844246  0.776949  0.0845478  0.235652     
0.124236  0.0381874  0.312193  0.95883     
0.486854  0.739101  0.725488  0.723333     
0.457179  0.167508  0.81493  0.631034     
0.803339  0.853884  0.233465  0.153776     
0.706189  0.132825  0.656328  0.461116     
0.33208  0.339036  0.0955343  0.0757554     
0.968537  0.937957  0.160874  0.812783     
0.714905  0.245421  0.048435  0.839141     
0.283609  0.360628  0.797972  0.770463     
0.0997283  0.523459  0.493796  0.556908     
0.690967  0.308726  0.187942  0.494306     
0.162611  0.421407  0.648082  0.8688     
0.554232  0.304409  0.329916  0.886312     
0.643446  0.42545  0.962067  0.611983     
0.363406  0.122941  0.424766  0.0783115     
0.368363  0.473201  0.917453  0.651972     
0.833829  0.715424  0.422434  0.933557     
0.238884  0.91623  0.490465  0.929851     
0.224956  0.678407  0.424157  0.387567     
0.0998136  0.0722387  0.256367  0.654046     
0.376648  0.586282  0.540358  0.0200938     
0.0117323  0.502425  0.632077  0.375139     
0.625367  0.0568431  0.45345  0.993729     
0.530044  0.370903  0.645701  0.363873     
0.0863275  0.0681348  0.29743  0.325211     
0.984365  0.787895  0.255062  0.209321     
0.466302  0.67922  0.596888  0.566115     
0.751458  0.853255  0.220161  0.128106     
0.439537  0.760519  0.1482  0.451269     
0.262945  0.780277  0.826408  0.888311     
0.83712  0.279858  0.88204  0.367165     
0.650761  0.527741  0.731038  0.737089     
0.595876  0.0284682  0.0623003  0.580241     
0.816363  0.317363  0.789562  0.282665     
0.996582  0.38645  0.848781  0.74804     
0.239704  0.0689417  0.876147  0.679241     
0.829461  0.0243469  0.13051  0.0924055     
0.804624  0.956919  0.980717  0.641744     
0.236777  0.862757  0.00890884  0.887538     
0.390498  0.739947  0.624627  0.986374     
0.768415  0.686928  0.566615  0.584778     
0.00429034  0.356176  0.867444  0.000872636     
0.742626  0.716224  0.748913  0.98233     
0.785166  0.62506  0.661572  0.614627     
0.649407  0.792082  0.707032  0.454031     
0.749001  0.687749  0.0957751  0.985777     
0.550506  0.104684  0.873316  0.941004     
0.844631  0.497943  0.927378  0.613045     
0.184871  0.493992  0.197824  0.189161     
0.850169  0.0652673  0.190034  0.592795     
0.781491  0.938947  0.575125  0.566657     
0.564007  0.236696  0.181284  0.213413     
0.0287785  0.888316  0.667444  0.777779     
0.576065  0.763219  0.763557  0.12657     
0.867903  0.636872  0.067574  0.712534     
0.134815  0.994952  0.325579  0.319686     
0.488944  0.523403  0.508847  0.339112     
0.58867  0.698881  0.931907  0.370162     
0.637827  0.507032  0.936819  0.201834     
0.743728  0.118102  0.415247  0.772507     
0.00641818  0.0826914  0.550286  0.582483     
0.845911  0.313842  0.709053  0.713814     
0.950715  0.776627  0.426348  0.08553     
0.771579  0.751927  0.405216  0.260523     
0.275331  0.914063  0.599635  0.864001     
0.612943  0.531542  0.234163  0.250771     
0.0385738  0.170982  0.452604  0.782302     
0.289084  0.867852  0.554809  0.295502     
0.950543  0.105094  0.877985  0.796454     
0.418937  0.587038  0.510268  0.369651     
0.363665  0.936616  0.455181  0.135243     
0.688543  0.860397  0.395766  0.963874     
0.77446  0.995401  0.827875  0.387403     
0.526943  0.0620376  0.638174  0.565517     
0.233019  0.0907784  0.347819  0.522103     
0.95863  0.902627  0.817605  0.909173     
0.00772187  0.69559  0.705627  0.426659     
0.282628  0.215895  0.79631  0.646293     
0.152511  0.251491  0.781536  0.841054     
0.111888  0.177302  0.804928  0.886349     
0.172703  0.632803  0.273752  0.699646     
0.69484  0.911926  0.265163  0.927859     
0.00270435  0.612981  0.449963  0.961334     
0.515609  0.267568  0.870507  0.523331     
0.963158  0.576134  0.949989  0.245786     
0.792029  0.746299  0.892078  0.944539     
0.997791  0.673614  0.785593  0.109679     
0.850916  0.590521  0.996028  0.023619     
0.223324  0.26978  0.723265  0.918164     
0.181706  0.988428  0.846023  0.18441     
0.601409  0.295986  0.145744  0.117018     
0.563554  0.0162516  0.640349  0.526712     
0.592386  0.590338  0.772497  0.384415     
0.336638  0.664575  0.328954  0.334428     
0.33819  0.114548  0.444108  0.189106     
0.705069  0.440135  0.212725  0.928392     
0.709915  0.93599  0.846557  0.89162     
0.924417  0.69258  0.0760302  0.525827     
0.988566  0.221774  0.642845  0.55212     
0.238026  0.283194  0.0788317  0.830412     
0.873532  0.851329  0.214826  0.21017     
0.515904  0.54378  0.544598  0.854094     
0.658328  0.988706  0.0431996  0.363397     
0.428841  0.255924  0.291789  0.138756     
0.191914  0.138346  0.0303762  0.116331     
0.830926  0.106406  0.642158  0.819492     
0.328181  0.285003  0.371612  0.566207     
0.568197  0.450443  0.396618  0.441729     
0.301772  0.611445  0.651899  0.817677     
0.155225  0.196497  0.671771  0.813553     
0.185203  0.71497  0.17695  0.614045     
0.970895  0.468739  0.7528  0.162809     
0.607084  0.783177  0.27914  0.43801     
0.889583  0.921298  0.257501  0.217764     
0.206301  0.629113  0.783971  0.774497     
0.0795562  0.180589  0.216226  0.381329     
0.792033  0.868125  0.199005  0.947258     
0.0646222  0.870776  0.760811  0.249826     
0.585747  0.937761  0.86387  0.556641     
0.406499  0.616671  0.71945  0.0135835     
0.399847  0.99859  0.451593  0.28943     
0.919888  0.709094  0.507194  0.126189     
0.338207  0.291165  0.900686  0.417764     
0.471754  0.116912  0.799092  0.263787     
0.985037  0.998098  0.211046  0.0496589     
0.868874  0.971857  0.299484  0.454621     
0.909618  0.163355  0.011262  0.316117     
0.780025  0.730712  0.329701  0.179872     
0.729302  0.781294  0.469303  0.64919     
0.490389  0.976497  0.775378  0.828596     
0.267662  0.676064  0.24636  0.739415     
0.792976  0.0454518  0.00320252  0.778013     
0.0435494  0.214248  0.827672  0.912423     
0.186105  0.127156  0.367044  0.095723     
0.290511  0.378306  0.41184  0.0705356     
0.109018  0.741541  0.250408  0.83832     
0.522835  0.719711  0.48751  0.0132239     
0.696208  0.262888  0.84182  0.96387     
0.938953  0.0881795  0.703285  0.731929     
0.133631  0.706488  0.509941  0.177181     
0.920736  0.337613  0.089604  0.106841     
0.464769  0.456648  0.202564  0.755279     
0.834954  0.614404  0.825815  0.943971     
0.355946  0.0762229  0.782291  0.878781     
0.795934  0.269801  0.892005  0.492142     
0.53269  0.733825  0.456011  0.471642     
0.822004  0.159296  0.203571  0.955636     
0.865784  0.713512  0.132817  0.78652     
0.0511247  0.222421  0.893361  0.515893     
0.679069  0.0959247  0.271173  0.514022     
0.710329  0.0969874  0.457993  0.0662747     
0.17321  0.240285  0.945056  0.969144     
0.510086  0.837061  0.461286  0.0427754     
0.570886  0.917297  0.514418  0.39289     
0.0765934  0.717988  0.348526  0.942378     
0.4315  0.481343  0.728898  0.482625     
0.703763  0.622258  0.998518  0.382832     
0.718183  0.269691  0.896854  0.428512     
0.366678  0.354847  0.494787  0.539889     
0.595132  0.439842  0.509033  0.105218     
0.276903  0.970318  0.147993  0.847789     
0.887615  0.66241  0.240679  0.964209     
0.380399  0.589205  0.906586  0.811899     
0.0705475  0.635484  0.294524  0.774311     
0.257742  0.293042  0.157142  0.975925     
0.562733  0.0539961  0.404437  0.929411     
0.408843  0.899224  0.469299  0.00397496     
0.339066  0.978332  0.109193  0.615969     
0.94865  0.257186  0.463758  0.836265     
0.919596  0.704437  0.800474  0.299995     
0.293642  0.70706  0.111894  0.36419     
0.342544  0.406417  0.138501  0.600286     
0.699459  0.295643  0.57621  0.262192     
0.349639  0.980647  0.191603  0.758482     
0.879871  0.660902  0.762457  0.218937     
0.639234  0.87165  0.834907  0.587884     
0.128835  0.298665  0.424149  0.0484314     
0.00310255  0.224622  0.348426  0.296745     
0.931682  0.46032  0.660935  0.274226     
0.866737  0.799435  0.874512  0.566196     
0.0950784  0.450722  0.828388  0.444718     
0.43137  0.0199904  0.2032  0.311241     
0.680892  0.965657  0.530178  0.320126     
0.837307  0.365085  0.908009  0.966142     
0.66375  0.332158  0.0145737  0.666853     
0.556781  0.363  0.963597  0.488463     
0.82332  0.624532  0.762689  0.690057     
0.423968  0.637201  0.256253  0.519046     
0.0879227  0.0846407  0.963764  0.519292     
0.104631  0.166964  0.830533  0.785523     
0.132621  0.360711  0.105649  0.969928     
0.725796  0.0136586  0.93607  0.389546     
0.345817  0.950644  0.0563982  0.902597     
0.313644  0.0199957  0.39106  0.136963     
0.644528  0.15375  0.82702  0.0684957     
0.79095  0.0832725  0.587542  0.878873     
0.167913  0.551306  0.398165  0.272544     
0.718269  0.228698  0.0580677  0.85089     
0.589409  0.163717  0.820818  0.315205     
0.177376  0.756888  0.70475  0.523192     
0.707532  0.761148  0.42579  0.0211752     
0.781144  0.81685  0.158138  0.425672     
0.9706  0.985158  0.494168  0.76155     
0.0684305  0.0817096  0.640423  0.236344     
0.633015  0.0385875  0.508888  0.351284     
0.267285  0.566956  0.202174  0.856694     
0.730673  0.0229919  0.171899  0.908048     
0.77988  0.876649  0.43124  0.487411     
0.637797  0.85703  0.508586  0.418941     
0.67388  0.666725  0.844613  0.64448     
0.651883  0.338781  0.40603  0.720313     
0.420491  0.0464522  0.956657  0.0535059     
0.0850398  0.465545  0.40479  0.352325     
0.0325007  0.606964  0.209019  0.763173     
0.629956  0.380918  0.671221  0.409836     
0.257567  0.102462  0.897247  0.895364     
0.959492  0.405833  0.314305  0.633372     
0.0725581  0.158919  0.277852  0.724441     
0.4977  0.683882  0.444754  0.918191     
0.730334  0.401411  0.971697  0.815374     
0.866956  0.376487  0.167699  0.899457     
0.983451  0.376718  0.66263  0.613408     
0.757636  0.333851  0.0232435  0.015203     
0.436313  0.920491  0.910567  0.395805     
0.326324  0.224872  0.0291776  0.398882     
0.383791  0.30703  0.123323  0.881491     
0.990912  0.568077  0.799682  0.721246     
0.969488  0.771379  0.53662  0.836444     
0.147865  0.704319  0.7359  0.131317     
0.0810371  0.39853  0.744724  0.838673     
0.732382  0.767968  0.853876  0.168695     
0.688458  0.764443  0.5645  0.0147824     
0.989316  0.593678  0.413664  0.373107     
0.900708  0.536987  0.254598  0.891619     
0.105064  0.0542801  0.612865  0.0745521     
0.825659  0.149485  0.910996  0.973524     
0.853803  0.646896  0.104841  0.93484     
0.0454265  0.849565  0.773514  0.777808     
0.617533  0.62739  0.946503  0.305991     
0.391834  0.511003  0.320774  0.381149     
0.104681  0.734438  0.754256  0.00538887     
0.271426  0.00885469  0.897008  0.37649     
0.0631348  0.509873  0.451042  0.888793     
0.659358  0.362038  0.862318  0.513161     
0.00893398  0.967158  0.448002  0.0543605     
0.816723  0.221515  0.832169  0.434256     
0.848906  0.778672  0.740248  0.240739     
0.289675  0.0610214  0.621889  0.394357     
0.79546  0.376145  0.399745  0.0668852     
0.385  0.296754  0.443375  0.448135     
0.806627  0.894417  0.336928  0.465984     
0.256455  0.199246  0.979146  0.265389     
0.166404  0.427147  0.319749  0.983128     
0.648663  0.151918  0.417384  0.497568     
0.93059  0.157632  0.738308  0.220265     
0.218653  0.360197  0.614622  0.0141128     
0.736342  0.0143672  0.080998  0.121342     
0.311121  0.524373  0.569477  0.117747     
0.41879  0.906405  0.583732  0.675245     
0.105651  0.562878  0.940634  0.272055     
0.990025  0.260383  0.255182  0.638688     
0.412301  0.672566  0.136256  0.342891     
0.830198  0.874564  0.563156  0.0488511     
0.23476  0.177778  0.0629639  0.971102     
0.192145  0.143962  0.092444  0.503266     
0.668335  0.661921  0.621013  0.0871252     
0.568325  0.204745  0.76237  0.673976     
0.767623  0.703004  0.94603  0.757648     
0.963387  0.201213  0.396335  0.375687     
0.873779  0.532591  0.718578  0.703977     
0.407155  0.281734  0.752828  0.641915     
0.459511  0.815792  0.613018  0.651656     
0.959754  0.705462  0.154922  0.628089     
0.367382  0.775935  0.715214  0.935707     
0.98068  0.477584  0.609683  0.748302     
0.180588  0.555714  0.50595  0.143975     
0.756927  0.902285  0.519662  0.630706     
0.434876  0.23824  0.334683  0.842031     
0.519974  0.0875108  0.483947  0.979485     
0.903303  0.0969645  0.631141  0.863057     
0.802426  0.786063  0.491146  0.169808     
0.561998  0.206361  0.105516  0.542678     
0.683945  0.715199  0.29098  0.864533     
0.270913  0.79693  0.00850801  0.0278392     
0.699215  0.52817  0.658545  0.134091     
0.76641  0.993227  0.976122  0.286384     
0.0807382  0.460069  0.265869  0.984041     
0.557034  0.89701  0.847098  0.35946     
0.683073  0.338245  0.529268  0.245071     
0.544605  0.634784  0.787749  0.22855     
0.349983  0.0787285  0.0930838  0.620895     
0.875658  0.101592  0.648734  0.574873     
0.629762  0.307279  0.708964  0.396172     
0.300507  0.685087  0.682555  0.381245     
0.145156  0.948424  0.365286  0.70219     
0.845434  0.212384  0.0616499  0.528508     
0.550629  0.590918  0.773578  0.095234     
0.225702  0.561327  0.323784  0.575684     
0.640055  0.416868  0.19658  0.515714     
0.51846  0.845314  0.0905869  0.148222     
0.152593  0.799551  0.544393  0.4531     
0.484638  0.226949  0.834345  0.629794     
0.175373  0.199631  0.331984  0.0208077     
0.412015  0.393634  0.549315  0.962644     
0.984552  0.322894  0.057878  0.210254     
0.884221  0.381662  0.785938  0.524276     
0.798531  0.982518  0.0399896  0.316991     
0.827832  0.130577  0.465212  0.980425     
0.930128  0.00960588  0.433525  0.414766     
0.236555  0.26787  0.0445601  0.411928     
0.467501  0.376544  0.432736  0.879516     
0.770179  0.982051  0.84216  0.754731     
0.304945  0.900038  0.964985  0.189165     
0.281701  0.750923  0.713441  0.0802313     
0.733441  0.753431  0.397222  0.561273     
0.884007  0.862434  0.541699  0.814135     
0.87204  0.975224  0.228901  0.108595     
0.243095  0.273461  0.520523  0.710596     
0.650006  0.953259  0.590112  0.420184     
0.93531  0.432272  0.174915  0.240255     
0.332311  0.1399  0.42942  0.614011     
0.890823  0.142861  0.694243  0.624265     
0.896292  0.0914647  0.185538  0.780299     
0.953899  0.727237  0.594434  0.825939     
0.702461  0.823335  0.934534  0.945556     
0.0967966  0.455058  0.656152  0.746802     
0.408317  0.246264  0.166986  0.343627     
0.678536  0.341901  0.583881  0.0108467     
0.481801  0.0133013  0.624858  0.372625     
0.156163  0.319101  0.996889  0.0524546     
0.410565  0.182427  0.832754  0.364464     
0.909664  0.427189  0.190404  0.612125     
0.250524  0.124938  0.557681  0.347321     
0.579996  0.213832  0.0941226  0.988312     
0.460096  0.261109  0.331939  0.138632     
0.60301  0.91582  0.149479  0.0848115     
0.929121  0.774337  0.457436  0.085284     
0.0934373  0.454325  0.137739  0.504003     
0.636752  0.970493  0.868467  0.546416     
0.397681  0.0588707  0.158541  0.648205     
0.183809  0.716222  0.995526  0.763804     
0.930054  0.0896482  0.752116  0.39015     
0.350757  0.0840552  0.528782  0.953767     
0.999875  0.67826  0.0385788  0.928997     
0.452597  0.496015  0.0142808  0.546034     
0.95034  0.152019  0.0500368  0.587092     
0.122512  0.918504  0.133508  0.520193     
0.977374  0.292049  0.168398  0.161183     
0.00827093  0.163924  0.924987  0.938325     
0.253572  0.677104  0.328474  0.604329     
0.761159  0.857256  0.558096  0.761034     
0.535516  0.596675  0.690031  0.988113     
0.09269  0.704312  0.534147  0.0430302     
0.856331  0.584184  0.630123  0.978843     
0.502688  0.763631  0.499036  0.480062     
0.0556802  0.667434  0.641245  0.0639512     
0.831358  0.566233  0.00227592  0.0849296     
0.243336  0.33075  0.689259  0.00449527     
0.188006  0.247355  0.765529  0.723523     
0.84403  0.45556  0.711636  0.93672     
0.159872  0.245783  0.97975  0.0162034     
0.829967  0.609873  0.995046  0.332655     
0.373503  0.494083  0.812717  0.429184     
0.161517  0.453962  0.493135  0.992875     
0.0201947  0.495411  0.0778042  0.263531     
0.826161  0.767063  0.268026  0.0141674     
0.0144174  0.0335559  0.73769  0.858447     
0.489116  0.449326  0.795167  0.648989     
0.695108  0.774917  0.665192  0.525075     
0.384789  0.660238  0.85773  0.758293     
0.154321  0.670446  0.187477  0.315838     
0.124408  0.680611  0.308712  0.144603     
0.176022  0.386517  0.408134  0.0021831     
0.153579  0.676161  0.0163505  0.167997     
0.709716  0.754041  0.0264439  0.198833     
0.203366  0.821611  0.847821  0.898475     
0.596528  0.513013  0.42355  0.981317     
0.173252  0.281279  0.73961  0.327573     
0.951726  0.927087  0.643411  0.0761342     
0.607698  0.952123  0.220737  0.78372     
0.33864  0.628872  0.785903  0.492219     
0.305032  0.802254  0.660216  0.0147488     
0.556294  0.686659  0.213582  0.75966     
0.50827  0.061403  0.658135  0.104798     
0.574416  0.0816849  0.0861155  0.747668     
0.362964  0.825726  0.0752407  0.31469     
0.752812  0.718651  0.390824  0.36051     
0.670774  0.611562  0.14423  0.00941408     
0.240433  0.930134  0.501633  0.545466     
0.732387  0.161849  0.560215  0.288682     
0.848508  0.773796  0.048342  0.356778     
0.835199  0.706477  0.461577  0.409615     
0.788162  0.547692  0.157283  0.151126     
0.373418  0.232524  0.465816  0.12623     
0.951175  0.856641  0.486741  0.62195     
0.468202  0.630971  0.631364  0.708636     
0.561105  0.132997  0.254102  0.293492     
0.294845  0.814316  0.582174  0.143353     
0.588112  0.630516  0.500132  0.423311     
0.336993  0.961708  0.832927  0.125155     
0.5094  0.99021  0.276281  0.882818     
0.222734  0.742097  0.0090482  0.173909     
0.598738  0.495789  0.795859  0.0669401     
0.12676  0.427223  0.775576  0.687865     
0.56022  0.0296774  0.981357  0.855065     
0.843993  0.56353  0.998419  0.432106     
0.194046  0.49855  0.855417  0.531038     
0.460259  0.688344  0.656193  0.969659     
0.678554  0.932473  0.852477  0.901287     
0.674571  0.861525  0.0751967  0.273308     
0.357314  0.871056  0.340248  0.484074     
0.298279  0.115824  0.171938  0.858498     
0.145502  0.153295  0.713564  0.989495     
0.716825  0.711982  0.421601  0.910871     
0.210533  0.277018  0.441909  0.670791     
0.965361  0.0981015  0.64045  0.643915     
0.030575  0.492927  0.545202  0.705146     
0.354452  0.620399  0.978454  0.711766     
0.491455  0.318702  0.195839  0.789733     
0.434526  0.367778  0.648232  0.580028     
0.521073  0.361795  0.569523  0.237897     
0.0737775  0.991124  0.148768  0.28431     
0.268141  0.590677  0.955101  0.233503     
0.688778  0.595551  0.877417  0.719353     
0.0884778  0.42262  0.424499  0.44293     
0.0430186  0.402953  0.154695  0.534473     
0.721655  0.350535  0.324207  0.156181     
0.718313  0.972438  0.736209  0.239385     
0.334234  0.305732  0.477282  0.408011     
0.296855  0.62605  0.692321  0.564997     
0.216727  0.647422  0.798499  0.905505     
0.242973  0.675917  0.624859  0.331451     
0.0985363  0.0493575  0.774381  0.141555     
0.45231  0.929076  0.676028  0.173965     
0.279611  0.000234553  0.330146  0.997923     
0.972673  0.0663543  0.237308  0.306906     
0.372086  0.714591  0.714917  0.668941     
0.340641  0.407239  0.233938  0.557368     
0.0546609  0.0324373  0.462874  0.297634     
0.708354  0.0877326  0.629085  0.80689     
0.13709  0.403466  0.948445  0.5894     
0.332542  0.624473  0.763365  0.612153     
0.624708  0.0935105  0.610076  0.59738     
0.159865  0.847384  0.904287  0.531951     
0.561975  0.619204  0.200892  0.902616     
0.026443  0.43483  0.459985  0.0811039     
0.467268  0.922859  0.378738  0.175622     
0.0105914  0.00782325  0.982512  0.147682     
0.411289  0.930957  0.737082  0.743831     
0.55543  0.500447  0.355983  0.180138     
0.593957  0.966059  0.777518  0.753822     
0.813444  0.681805  0.285773  0.375419     
0.301009  0.486665  0.278035  0.327452     
0.921495  0.73802  0.408556  0.388763     
0.660879  0.787294  0.564384  0.67147     
0.795118  0.546896  0.819152  0.206407     
0.477853  0.556234  0.950237  0.0332827     
0.0566805  0.306221  0.21342  0.650638     
0.27228  0.990938  0.40446  0.085724     
0.672743  0.690232  0.461143  0.973753     
0.176897  0.739178  0.301205  0.0983924     
0.477198  0.709761  0.487155  0.138077     
0.497056  0.0515392  0.809548  0.292173     
0.598435  0.6287  0.49858  0.0762879     
0.184934  0.448817  0.109571  0.241614     
0.755038  0.322991  0.892252  0.0273183     
0.313929  0.296712  0.113042  0.986673     
0.986944  0.574185  0.960426  0.163841     
0.313363  0.261631  0.262233  0.790562     
0.971392  0.749389  0.928639  0.468447     
0.800928  0.738187  0.76062  0.399363     
0.366887  0.2592  0.475651  0.551821     
0.708017  0.585222  0.793435  0.463055     
0.908213  0.685687  0.490374  0.222142     
